station_name,complex_id,ridership_2012,ridership_2013,ridership_2014,ridership_2015,ridership_2016,ridership_2017
Astoria-Ditmars Blvd,1,5233305,5405084,5416919,5407027,5429314,5031462
Astoria Blvd,2,3871213,3962838,3914637,3926062,3894399,3988480
30 Av,3,4622323,4776709,4808350,4745260,4694548,3437709
Broadway,4,4161120,4325297,4407347,4300632,4189306,4060805
36 Av,5,2412794,2462645,2439630,2394564,2343925,1677211
39 Av,6,930291,1012381,1104375,1072026,1016809,979103
5 Av-59 St,8,5941836,5927685,6155019,6017047,5929715,5367130
57 St-7 Av,9,8726980,8945751,9314649,9512090,9616547,11300097
49 St,10,8186576,8155010,8544694,8029988,8754627,8626669
28 St,13,3413315,3520209,3796977,4083143,4205109,4065263
23 St,14,6805210,6905704,7348879,7965410,8151328,7651650
8 St-New York University,16,5663358,5379647,5635598,5894747,6030544,5569352
Prince St,17,5508110,5209433,5311765,5386641,5314922,4990346
City Hall,20,2094122,1560414,1151646,1828806,1977733,2258254
Cortlandt St,21,2062289,1601732,1500040,2713532,4270036,6101278
Rector St,22,2053706,1524110,1116833,1896968,2038348,2213971
DeKalb Av,26,5222096,5223608,5288037,5373388,5640329,6551184
Union St,28,2148505,2058555,2065047,2073096,2024863,1935724
Prospect Av,30,1864725,1826064,1827271,1785990,1758711,961733
25 St,31,1198226,1218842,1274939,1221949,1188884,1373521
36 St,32,3772420,3826400,3970318,4138929,4235509,4543305
45 St,33,2255877,2251217,2323521,2321241,2228315,2390684
53 St,34,2357449,2387370,2405353,2374338,2334471,1187907
59 St,35,3848745,3968334,4094658,4158863,4169280,5326789
Bay Ridge Av,36,2522369,2525470,2597559,2623309,2622438,1282256
77 St,37,1600644,1645262,1711410,1723178,1743795,1980011
86 St,38,3515085,3662602,3753132,3747601,3752400,3516712
Bay Ridge-95 St,39,1809829,1830193,1858200,1865038,1853049,1755379
7 Av,41,2824839,2905400,2932926,2980366,2943272,3236816
Prospect Park,42,2892200,3190679,3312727,3327301,3272810,3421790
Parkside Av,43,1812362,1381093,1617878,1692567,1783716,1953704
Church Av,44,4982615,5603898,5482093,5707573,5438775,5455527
Beverley Rd,45,950243,737652,838970,899663,953903,1038252
Cortelyou Rd,46,1992781,1700177,1806758,1961144,1978254,2028859
Newkirk Plaza,47,3021079,3380559,3302958,3432907,3315748,3356199
Avenue H,48,823237,875106,896279,899662,952855,1006747
Avenue J,49,1807574,1867576,1850087,1848674,1867727,1912497
Avenue M,50,1608901,1730576,1731955,1733583,1776762,1828941
Kings Hwy,51,5453084,5697467,5693562,5905481,6014920,6040256
Avenue U,52,2071874,2176073,2175035,2231577,2332985,2360833
Neck Rd,53,1148708,1218313,1232947,1305776,1336596,1379473
Sheepshead Bay,54,4148629,4205275,4201776,4296566,4322837,4297325
Brighton Beach,55,3781554,3810743,3872092,4014831,4044514,3957811
Ocean Pkwy,56,983972,990091,969271,1022215,1016458,1022378
West 8 St-New York Aquarium,57,767921,702810,741345,789416,795636,789104
Coney Island-Stillwell Av,58,4733106,4690794,4980140,5132083,5025598,4803755
9 Av,59,1668767,1896942,1938987,1843944,1858368,1737192
Fort Hamilton Pkwy,60,1025285,1240644,1317172,1297755,1349733,1273516
50 St,61,941157,1021409,1009971,968612,1012356,986060
55 St,62,546080,601931,603320,595157,665488,632198
71 St,64,1191257,1446020,1481633,1487929,2029479,1854361
79 St,65,1651785,1949861,2041896,2043471,2137349,2032937
18 Av,66,1661770,1954729,1996205,1925239,2003777,1948610
20 Av,67,1377648,1547029,1564060,1592525,1656437,1579804
Bay Pkwy,68,2038864,2298420,2362284,2368617,2578524,2502105
25 Av,69,1206526,1421090,1488192,1508412,1992945,1789365
Bay 50 St,70,777836,847843,884302,872953,972937,900508
8 Av,71,3559576,3677764,3851372,3796909,4586559,4088721
Fort Hamilton Pkwy,72,2105486,2200487,2278120,2164028,554051,988664
18 Av,74,1819255,1641928,1775695,1784992,723187,992834
20 Av,75,1245145,1286961,1305487,1279525,409416,664120
Bay Pkwy,76,2221968,2243082,2342792,2298369,3435240,2950253
Kings Hwy,77,1616827,1630749,1687226,1710115,475763,910558
Avenue U,78,1297870,1211062,1251276,1253349,456533,734714
86 St,79,811332,801109,837472,859293,419039,494456
121 St,80,664855,688985,766469,788674,794687,337075
111 St,81,764882,780300,802275,812055,805255,948885
104 St,82,755193,779537,827890,841545,850903,502541
Woodhaven Blvd,83,1328319,1398536,1505920,1551590,1513298,1512676
85 St-Forest Pkwy,84,1125639,1157863,1212661,1239793,1237770,1156600
75 St-Elderts Ln,85,1107947,1138544,1172162,1196186,1187714,1069608
Cypress Hills,86,411495,432557,450480,452936,462143,435855
Crescent St,87,1504645,1509290,1583134,1626727,1617730,1570485
Norwood Av,88,1097011,1095573,1145643,1159274,1146658,1065073
Cleveland St,89,1029708,1050261,1107397,1120403,1104683,1011734
Van Siclen Av,90,893665,913115,943663,966461,983370,910042
Alabama Av,91,772447,770075,784998,814578,834945,755935
Chauncey St,93,964735,938803,959091,1045698,1092483,1095638
Halsey St,94,1800505,1845755,1968526,2083683,2101350,2131177
Gates Av,95,1901060,1895878,1984486,2100864,2117787,2262915
Kosciuszko St,96,1482044,1515244,1521002,1593719,1661644,1979192
Myrtle Av,97,3257338,3562631,3523740,3687468,3764562,4213096
Flushing Av,98,2776360,2869903,2847691,2991074,2894033,2764583
Lorimer St,99,1494085,1523986,1500980,1614154,1595826,1619602
Hewes St,100,895661,927212,903641,981379,913179,894671
Marcy Av,101,3564065,3681903,3953628,4204877,4272443,4199041
Bowery,103,968629,970576,1057000,1184920,1223959,1327970
Broad St,107,1315012,1436506,1662905,1834780,2064292,2056754
Middle Village-Metropolitan Av,108,1189616,1200171,1300110,1361246,1365048,875782
Fresh Pond Rd,109,1590304,1534754,1676862,1806429,1831889,1198376
Forest Av,110,1134938,1179301,1235376,1317289,1316296,796742
Seneca Av,111,716729,711011,755026,842069,854251,454373
Knickerbocker Av,113,702426,1018286,1147331,1288025,1288438,593366
Central Av,114,992142,505757,970531,1141731,1158274,539681
3 Av,118,2182023,2310062,2473561,2386533,2449392,2319152
1 Av,119,7296576,7735905,8111070,7702110,7660896,7071729
Bedford Av,120,8342397,9214395,9892516,9388289,9688560,9644831
Graham Av,122,3086342,3179579,3402514,3293413,3324292,3299951
Grand St,123,2145374,2260023,2414872,2242757,2174128,2256349
Montrose Av,124,2075901,2178772,2335128,2334271,2338095,2306046
Morgan Av,125,2262826,2373595,2513823,2453723,2614617,2594607
Jefferson St,126,1906878,2136772,2425983,2514292,2563505,2566772
DeKalb Av,127,3495896,3712102,3924836,3938538,4017076,4171610
Halsey St,129,2136529,2317512,2492974,2465693,2629576,2776078
Wilson Av,130,1115994,1243700,1393045,1407098,1219239,1471094
Bushwick Av-Aberdeen St,131,427032,490042,563577,598393,672880,682086
Atlantic Av,133,444960,482835,535041,422505,436300,557103
Sutter Av,134,1383957,1449524,1499122,1453567,1435112,1394283
Livonia Av,135,902860,934287,987560,1001522,1045593,1019591
New Lots Av,136,1379065,1499902,1583983,1595607,1645273,1638839
East 105 St,137,1110433,1161688,1197125,1187844,1201578,1201452
Canarsie-Rockaway Pkwy,138,3920243,4062690,4175970,4024313,3897784,3828628
Park Pl,141,682438,646934,608731,602858,576122,575188
Inwood-207 St,143,2795992,2897438,2981271,3068931,2904915,2954523
Dyckman St,144,2344316,2112706,2158170,2244154,2135271,2165366
190 St,145,1473807,1472564,1458911,1530460,1460194,1494996
181 St,146,3242555,3309493,3456161,3628174,3459170,3453621
175 St,147,4028015,4154792,4187473,4197373,4049645,4112450
163 St-Amsterdam Av,149,1230018,1317493,1390615,1395260,1450668,1437340
155 St,150,798881,822333,852716,842826,881431,887427
145 St,151,7048936,7432177,7778992,7923696,7949593,7714122
135 St,152,1633467,1722204,1731602,1693561,1731460,1743984
125 St,153,8427453,8932680,9342667,9558837,9603878,9335382
116 St,154,2000033,2122084,2234662,2246138,2276196,2253473
Cathedral Pkwy-110 St,155,2207790,2301545,2351549,2376166,2354421,2377135
103 St,156,1472319,1528633,1555514,1521132,1481660,1470838
96 St,157,2829949,2979535,3089701,3084906,3044779,2887965
86 St,158,3300644,3408922,3515551,3474343,3478317,3177707
81 St-Museum of Natural History,159,4232404,4477625,4561347,4584041,4517912,4328599
72 St,160,2832934,2942517,3015722,2979236,2921892,2799974
50 St,162,5714183,6259935,6867521,6826275,6778797,6694422
34 St-Penn Station,164,24851746,25726374,26493571,26147434,25183869,24366500
23 St,165,7155940,7629811,7923005,7844508,7543246,7410618
West 4 St-Washington Sq,167,12727443,13533369,13942101,14147148,13955067,13849130
Spring St,168,3718956,3874428,3965206,3782314,3744702,3637863
Canal St,169,5612068,5922371,6013138,6011243,5753945,5932386
High St,173,2209212,2441136,2687244,2656705,2536059,2983672
Hoyt-Schermerhorn Sts,175,2990881,2971379,2961316,3038302,3082398,3264293
Lafayette Av,176,1582360,1638947,1617464,1631737,1639947,1621121
Clinton-Washington Avs,177,1891559,2104035,2077312,2060200,2152345,2201880
Nostrand Av,179,5283444,5510841,5439806,5762163,5861658,5823419
Kingston-Throop Avs,180,1703474,1834623,1887628,1992480,2031710,2085536
Utica Av,181,4530536,4726582,4878678,5060099,5152649,5271782
Ralph Av,182,1625548,1719602,1787157,1867793,1863036,1894817
Rockaway Av,183,1574733,1615457,1641268,1721297,1786802,1794365
Liberty Av,185,796044,810031,807678,858554,920826,886011
Van Siclen Av,186,897528,941172,967947,1019100,1017779,1026358
Shepherd Av,187,945113,988620,1027404,1059106,1059144,1038180
Euclid Av,188,3115445,3323235,3315007,3509500,3458027,3415739
Grant Av,189,1952581,1958503,2041848,2084651,2170567,1950109
80 St,190,1294099,1310413,1507116,1465264,1098234,1346296
88 St,191,792615,808822,613296,1011163,952251,880776
Rockaway Blvd,192,2446937,2637100,2575171,1729268,2382252,2371645
104 St,193,507774,516000,388144,538400,626547,560309
111 St,194,796622,795820,802831,767647,561857,748813
Ozone Park-Lefferts Blvd,195,2246624,2262961,2263109,2224331,2351557,2306419
Aqueduct Racetrack,196,0,213601,630644,672734,676971,641464
Aqueduct-North Conduit Av,197,890505,698115,357399,365488,342494,309029
Howard Beach-JFK Airport,198,1074516,1626984,963503,1041816,1012067,1123405
Broad Channel,199,75969,36849,74386,91766,91208,87774
Beach 90 St,200,305397,194416,306284,333006,335515,411887
Beach 98 St,201,193332,100594,200197,214040,203795,180588
Beach 105 St,202,82088,48916,82980,99254,95469,97654
Rockaway Park-Beach 116 St,203,251080,135956,231407,255542,250220,235691
Beach 67 St-Arverne By The Sea,204,572418,357807,701784,799134,811248,792444
Beach 60 St,205,588970,406698,772376,801015,794595,726189
Beach 44 St,206,161946,91331,181758,197543,212440,214473
Beach 36 St,207,217880,143400,272799,296860,305816,298395
Beach 25 St,208,437602,267585,519843,570312,601116,582975
Far Rockaway-Mott Av,209,1217871,806025,1486147,1576988,1572694,1472005
Norwood-205 St,210,2463462,2569581,2709761,2750124,2805984,2723506
Bedford Park Blvd,211,1929623,2040887,2136860,2196065,2240256,2220298
Kingsbridge Rd,212,2255556,2390749,2562374,2530782,2566076,2589970
Fordham Rd,213,3655007,3876601,4028205,3905346,3890986,3843008
182-183 Sts,214,1447028,1520856,1604218,1643266,1682092,1577144
Tremont Av,215,2791329,2952385,3130848,3155197,3213396,3154608
174-175 Sts,216,1496869,1598189,1719504,1695879,1752387,1735321
170 St,217,2032837,2174082,2297459,2286670,2317558,2270027
167 St,218,2972535,3091289,3245977,3295032,3365748,3293451
155 St,220,1257551,1281168,1299098,1306282,1308981,1212240
21 St-Queensbridge,221,2654261,2631860,2683624,2884831,3009540,3157675
Roosevelt Island,222,2026567,1948925,1870476,1966493,2110471,2361627
Lexington Av-63 St,223,4566850,4462467,4479963,4718159,5033950,6389408
57 St,224,4408190,4520733,4603639,4720245,4821309,4557372
47-50 Sts-Rockefeller Center,225,17091251,17759382,18236646,18469446,18086203,17471620
23 St,228,8078511,8446249,8678810,8942154,8989195,8636801
Grand St,231,7658249,7994060,8131543,8010864,7942505,7653408
2 Av,232,5706955,5999079,5772265,5847710,5772537,5372036
East Broadway,234,4021679,4208654,4379909,4576662,4752739,4458909
York St,235,2344141,2666502,2760385,2900416,3286640,3172717
Bergen St,236,3529174,3650848,3711317,3708300,3599389,3525144
Carroll St,237,3961111,3782675,3616947,3672702,3563150,3537661
Smith-9 Sts,238,0,926087,1539209,1636221,1533167,1484326
7 Av,240,3699471,3904986,3886594,3780126,3700321,3623053
15 St-Prospect Park,241,1852346,2005424,2017347,2011237,1958444,1917454
Fort Hamilton Pkwy,242,1538039,1688093,1729381,1792239,1845401,1786458
Church Av,243,3081142,3193844,3201585,3353795,3315387,3148411
Ditmas Av,244,1404811,1455737,1437835,1033946,1055185,1137998
18 Av,245,1294568,1313344,1277024,1392552,1344286,1281041
Avenue I,246,684241,699582,696140,672710,585217,326469
Bay Pkwy,247,464906,487308,478322,460536,406793,214153
Avenue N,248,1012534,1044429,1050916,1027713,941921,643200
Avenue P,249,825620,861095,864424,858733,809816,534727
Kings Hwy,250,1117098,1134042,1137784,1202640,1398753,1531332
Avenue U,251,707595,717486,699414,716715,772331,373322
Avenue X,252,860597,908520,892170,589962,727220,738274
Neptune Av,253,505076,523554,512828,531011,513566,478754
Jamaica-179 St,254,6767423,6868439,6818494,6898938,6783119,6463698
169 St,255,2759602,2834112,2854274,2858542,2787763,2629975
Parsons Blvd,256,1950852,2035948,2052252,2094007,2063042,1998650
Sutphin Blvd,257,1468970,1550363,1468419,1506607,1414334,1338831
Briarwood-Van Wyck Blvd,258,1563242,1427813,1427017,1479278,1515926,1489396
Kew Gardens-Union Turnpike,259,8296905,8609185,8363109,8354731,8109611,7811007
75 Av,260,1130707,1155836,1131705,1136305,1102600,994127
Forest Hills-71 Av,261,8342293,8573480,8585239,8654547,8581096,8748221
67 Av,262,2770364,2818350,2851905,2853794,2807769,2695321
63 Dr-Rego Park,263,4998378,5129203,5272014,5244226,5219811,4991559
Woodhaven Blvd,264,7157320,7157254,7125205,7120037,7144921,6871409
Grand Av-Newtown,265,5741626,5832568,5861823,5995764,6057028,5792378
Elmhurst Av,266,4344648,4343633,4362316,4350714,4268747,4039686
65 St,268,1131591,1124823,1159576,1192281,1183534,1120703
Northern Blvd,269,2214223,2239136,2290836,2282296,2264100,2140551
46 St,270,2978233,3014082,3021219,2956981,2904517,2781811
Steinway St,271,4866245,4798179,4807448,4779346,4703321,4733777
36 St,272,1257059,1278109,1307054,1339754,1355271,1362430
Queens Plaza,273,2747366,2855006,3005223,3101888,3124028,3374948
5 Av-53 St,276,6744422,7298061,7543062,7597212,7240517,7111270
7 Av,277,4384090,4744808,5092341,5252615,5162589,5105535
Jamaica Center-Parsons-Archer,278,12204423,12507906,12784635,12622977,12470914,11604228
Sutphin Blvd-Archer Av-JFK Airport,279,6975316,7303038,7633725,7767728,7904869,7457153
Jamaica-Van Wyck,280,1552178,1565998,1587413,1545016,1536716,1555962
21 St,282,469173,422616,427353,533529,580065,598061
Greenpoint Av,283,2521422,2543568,2428027,2902723,2951454,2934770
Nassau Av,284,2479649,2653526,2760220,2916005,2851899,2765172
Broadway,286,1023397,1071877,1124407,1313362,1397227,1385797
Flushing Av,287,655317,728668,808421,866803,877269,849840
Myrtle-Willoughby Avs,288,1440313,1578243,1722392,1875988,1887369,1765653
Bedford-Nostrand Avs,289,2138852,2348998,2513681,2634066,2697942,2779124
Classon Av,290,1355886,1432872,1477256,1604508,1581663,1585121
Clinton-Washington Avs,291,1637463,1678004,1652336,1716023,1656058,1551042
Fulton St,292,1280063,1394890,1485669,1643353,1639930,1698778
Van Cortlandt Park-242 St,293,2041551,2148667,2188428,2266986,2294482,2249314
238 St,294,1106353,1092492,1209623,1240616,1327862,1335877
231 St,295,2829503,2757855,2912283,2966015,3013521,3013031
Marble Hill-225 St,296,1721707,1725406,1846582,1809998,1777035,1726646
215 St,297,599790,638224,626312,615177,636441,617727
207 St,298,2205288,1966949,2049587,2090297,2148169,2097830
Dyckman St,299,1231954,2094538,2298848,2317843,2410021,2329753
191 St,300,2512719,2598961,2700904,2713440,2730419,2657964
181 St,301,3496979,3608658,3751020,3779275,3772385,3742446
157 St,303,3381015,3458058,3481873,3516545,3542519,3488053
145 St,304,3289827,3274106,3364151,3338110,3328994,3208921
137 St-City College,305,4634498,4825267,4542044,4646578,4564432,4440108
125 St,306,2560513,2649847,2578729,2555321,2524125,2438960
116 St-Columbia University,307,4942022,5044561,4917691,4846181,4797152,4586341
Cathedral Pkwy-110 St,308,4491643,4557743,4301285,4280482,4160302,3947489
103 St,309,4366343,4427199,4199559,4258632,4290142,4114291
96 St,310,12108040,12582947,13108304,13008596,12700397,11948981
86 St,311,6219513,6333352,6519979,6464625,6359252,5988837
79 St,312,5292422,5438078,5601595,5534255,5371624,5102655
72 St,313,13043031,13456906,13375012,13341361,13257766,12749746
66 St-Lincoln Center,314,7367599,7527781,7772308,7790234,7606975,7002620
50 St,316,7927578,8074270,8450496,8266677,8157242,7751756
34 St-Penn Station,318,27010176,27730331,28638643,28309160,27741367,26034238
28 St,319,4346501,4548738,4666347,4665377,4544976,4348170
23 St,320,4654520,4818903,4883773,4884678,4703374,4557216
18 St,321,2533877,2585522,2622558,2676304,2687128,2594336
Christopher St-Sheridan Sq,323,3435088,3433544,3480159,3363949,3307136,3193169
Houston St,324,4287926,4510538,4562690,4377409,4375993,4326280
Canal St,325,1727415,1787110,1859071,1830920,1801063,1756236
Franklin St,326,1714218,1703889,1745841,1731354,1782203,1700180
Chambers St,327,6603287,6755281,6973674,7054771,6948976,6459435
Cortlandt St,328,0,0,0,0,0,
Rector St,329,3055453,3398383,3393420,3042815,2805381,2861772
Wall St,333,7034940,7473489,7845023,7650853,7689447,6935020
Clark St,334,1855650,1972314,2018876,1997148,2000024,1631139
Hoyt St,336,1978582,2033085,2181465,2249892,2356001,2137478
Nevins St,337,3454621,3477861,3580156,3310625,3220745,3271270
Bergen St,339,1397036,1296199,1236513,1210571,1231084,1180684
Grand Army Plaza,340,2507555,2556750,2505721,2433907,2425948,2265097
Eastern Pkwy-Brooklyn Museum,341,1578613,1674856,1665524,1676659,1585048,1530635
Nostrand Av,343,1313227,1327377,1358826,1386067,1358853,1295175
Kingston Av,344,1515277,1545567,1564089,1573003,1560437,1474988
Crown Heights-Utica Av,345,8469613,8534705,8690082,8965908,9051970,8954499
Sutter Av-Rutland Rd,346,2288256,2419794,2467381,2420464,2035027,1049559
Saratoga Av,347,1676421,1777399,1791700,2442282,1208956,1702107
Rockaway Av,348,1682755,1753354,1763824,526505,1534978,1685468
Junius St,349,660013,690625,727369,928235,681935,298119
Pennsylvania Av,350,1690851,1752108,1746438,2111790,753493,1054654
Van Siclen Av,351,1016466,1060055,1048755,304082,1250237,1078048
New Lots Av,352,1857630,1975478,2038532,2155220,2065205,1810576
President St,353,1142008,1216019,1221048,1243976,1226582,1227134
Sterling St,354,1803628,1866122,1785975,1822524,1805238,1787994
Winthrop St,355,2171267,2275444,2263671,2241716,2146809,2148162
Church Av,356,2987887,3059215,3020066,3070551,3027658,2916680
Beverly Rd,357,1274789,1364573,1360719,1392643,1379958,1348244
Newkirk Av,358,2279365,2393978,2431300,2476287,2395551,2315386
Flatbush Av-Brooklyn College,359,6384496,6562226,6447908,6487608,6321530,6107780
Pelham Bay Park,360,2030215,2096130,2318533,2337689,2208725,2207720
Buhre Av,361,1008640,1111659,637600,661527,1048776,1094122
Middletown Rd,362,566771,441950,661242,795762,598447,609861
Westchester Sq-East Tremont Av,363,1964525,2043649,2177402,2056555,1952473,1917007
Zerega Av,364,849815,985388,599478,492883,784314,799739
Castle Hill Av,365,2327404,1756879,1491030,2174412,2100194,2071819
Parkchester,366,4687402,5215409,5586943,5224959,5201901,5071740
St Lawrence Av,367,1212796,1280074,1315456,1320571,1329758,1334387
Morrison Av-Soundview,368,2057570,2096942,2125383,2097203,2135920,2125767
Elder Av,369,1936349,2041453,2084044,2080228,2117178,2107677
Whitlock Av,370,524988,534489,543798,545079,571352,595385
Hunts Point Av,371,3204779,3158343,3138131,3305563,3269585,3243725
Longwood Av,372,1065764,1087990,1098022,1088970,1081519,1084049
East 149 St,373,1403118,1457795,1460311,1479241,1518946,1531045
East 143 St-St Mary's St,374,285464,273895,279012,298462,313386,285667
Cypress Av,375,1097947,1186696,1226878,1228311,1265930,1230910
Brook Av,376,1901192,1970010,2002825,1981721,1964831,1938814
3 Av-138 St,377,2304717,2443326,2534036,2531974,2509085,2515479
Woodlawn,378,2417765,2423278,2375663,2418890,2380900,2242100
Mosholu Pkwy,379,2906150,2917501,2886764,2891451,2836370,2695090
Bedford Park Blvd-Lehman College,380,1796392,1853706,1827260,1863892,1812036,1716853
Kingsbridge Rd,381,3173688,3198725,3149605,3171646,3126119,3024692
Fordham Rd,382,3947625,3946955,3857749,3892140,3858183,3656367
183 St,383,1997038,2002633,2007140,2057944,2071316,2001410
Burnside Av,384,3508076,3560191,3558297,3641720,3617308,3442348
176 St,385,1764100,1837995,1848854,1969221,2036529,1943854
Mt Eden Av,386,1818870,1848483,1824861,1844131,1824478,1708790
170 St,387,2980786,2961575,2941958,3045205,3038777,2785331
167 St,388,3039634,3081534,3067345,3180274,3179087,2954228
138 St-Grand Concourse,391,939284,957984,1033559,1056380,1070024,1036746
125 St,392,8965496,9290210,9574765,9586567,9431163,9088393
116 St,393,5264035,5347692,5370343,5324072,5336694,5066069
110 St,394,3740549,3841826,3955522,4209449,4196711,3734660
103 St,395,4861001,5038138,5198601,4031201,4336922,4402069
96 St,396,7708346,7785646,7958453,8294978,8004488,5576058
86 St,397,19686985,20528208,20735032,20890828,20337593,14277369
77 St,398,11109431,11167386,11454604,11014861,10927200,8276168
68 St-Hunter College,399,10373302,10520477,10545971,10237854,10124694,6998999
33 St,403,9374676,9756409,9798598,9701723,9577123,8916102
28 St,404,6688570,7076992,7107083,7214293,7161164,6836061
23 St,405,8901705,9200337,9033835,8627481,8539378,8265227
Astor Place,407,5535996,5775276,5751688,5447655,5271496,5245449
Spring St,409,3999949,4123703,4169799,3804403,3792870,3701740
Wall St,413,6658687,7231884,7437325,6708745,6148384,5704122
Bowling Green,414,7990789,9081649,10261064,9153462,8870811,8234513
Wakefield-241 St,416,1603076,1528793,1669608,1654707,1662337,1578125
Nereid Av,417,1086227,1195804,1183733,1162973,1131328,1085289
233 St,418,1674406,1719181,1803693,1762923,1688487,1565455
225 St,419,1382626,1400377,1445591,1439495,1365544,1323910
219 St,420,1063058,1099491,1124522,1108859,1049128,1044200
Gun Hill Rd,421,2235325,2304780,2477798,2449555,2473814,2429804
Burke Av,422,1086792,1133298,1158787,1139826,1099582,1064119
Allerton Av,423,1689145,1747352,1829712,1821628,1733740,1678247
Pelham Pkwy,424,2882651,3028494,3084862,3066190,2955589,2849210
Bronx Park East,425,860554,914831,933109,877311,841547,799927
East 180 St,426,2098429,2152570,2445421,2368031,2518622,2589024
West Farms Sq-East Tremont Av,427,2428999,2514240,2567773,2437882,2465907,2388659
174 St,428,2152009,2301756,2374812,2313651,2411413,2334317
Freeman St,429,1393186,1486965,1517066,1492757,1588448,1556949
Simpson St,430,2810789,3027856,3121036,3048014,3046838,2965807
Intervale Av,431,937280,1048501,1095221,1039265,1061240,1045483
Prospect Av,432,2125066,2311798,2445131,2394820,2513169,2413743
Jackson Av,433,1520612,1686061,1753555,1731638,1802193,1794781
3 Av-149 St,434,7525904,7310115,7763151,7363663,7609968,7458222
Harlem-148 St,436,1110842,1171372,1209633,1269910,1220407,1209846
145 St,437,1014623,1073259,1114674,1137484,1086105,1093045
135 St,438,4477110,4672352,4932623,4949583,4867017,4768474
125 St,439,4635697,4917465,5103216,5121518,4989981,5054479
116 St,440,3584234,3715803,3845140,3948545,3874037,3729434
Central Park North-110 St,441,2808386,2932790,3110140,3188551,3147750,2963206
Eastchester-Dyre Av,442,1366077,1441375,1380334,1330123,1293411,1261041
Baychester Av,443,1161075,1234050,1186372,1137693,1112259,1054373
Gun Hill Rd,444,1757377,1792707,1716952,1639924,1619073,1555601
Pelham Pkwy,445,923188,919689,907735,894727,897374,869177
Morris Park,446,589170,631930,621945,629282,677899,685577
Flushing-Main St,447,19034789,19102434,19085948,19082391,19257879,18746832
Mets-Willets Point,448,1693024,1902121,1875472,2120859,2004343,1873789
111 St,449,3473313,3607926,3659225,3699843,3753756,3721445
103 St-Corona Plaza,450,6130376,6314870,6464627,6527196,6504644,6498237
Junction Blvd,451,6784942,6816700,6946966,7064435,7249912,7084849
90 St-Elmhurst Av,452,5428872,5513135,5480059,5489630,5471961,5460868
82 St-Jackson Hts,453,5013810,5139172,5172595,5128506,5089971,5018542
69 St,455,1647057,1671584,1685222,1629526,1643806,1602770
Woodside-61 St,456,5273308,5330760,5356621,5432682,5511564,5457171
52 St,457,2138307,2182725,2214115,2177884,2131770,2027659
46 St-Bliss St,458,4638262,4734334,4695672,4593351,4541003,4303987
40 St-Lowery St,459,3393418,3483507,3496675,3421569,3399567,3261769
33 St-Rawson St,460,3752701,3899003,3892589,3712153,3636632,3402610
Queensboro Plaza,461,3350219,3569290,3785260,3773168,4105500,4566287
Hunters Point Av,463,1704114,1710103,1791109,1848769,1994002,1999970
Vernon Blvd-Jackson Av,464,3357030,3726974,4169876,4462652,4877185,4821191
34 St-Hudson Yards,471,,,,692165,2691851,3098699
96 St,475,,,,,,5445960
86 St,476,,,,,,7693260
72 St,477,,,,,,8536209
14 St/6 Av,601,15487097,15844699,16215866,16121318,16118952,15187056
14 St-Union Sq,602,34639575,35309414,35677468,35320623,34289822,34557551
149 St-Grand Concourse,603,4104847,4427399,4536888,4424754,4381900,4255015
161 St-Yankee Stadium,604,8831015,8766012,8961029,8922188,8784407,8596506
168 St,605,7503282,7884456,8090476,8009233,8217661,7945871
Court Sq,606,5340581,6072768,6664442,6730837,6809217,7003218
34 St-Herald Square,607,37154138,38213448,39285568,39541865,39000352,39672507
4 Av/9 St,608,4300400,4210873,4120946,4199208,4138758,4323467
42 St-Bryant Pk/5 Av,609,14917245,15527439,15896805,16220605,16934142,16594289
Grand Central-42 St,610,42984249,44893301,46074652,46737564,46121509,44928488
Times Sq-42 St/42 St,611,62069437,63617614,65948730,66359208,64531511,64815739
Lexington Av-53 St/51 St,612,19280036,20262110,20513370,20479923,19929405,18940774
Lexington Av/59 St,613,20628942,21282767,21557198,21407792,21000635,17888188
59 St-Columbus Circle,614,21599586,22774421,23566961,23299666,23203443,22929203
New Utrecht Av/62 St,615,1931306,1654945,1716638,1857740,1784812,1651274
74-Bway/Jackson Hts-Roosevelt Av,616,16366669,16864938,17087795,17224537,17301839,17095073
Atlantic Av-Barclays Ctr,617,11526090,13122876,13617153,13690678,13818168,13571093
14 St/8 Av,618,13044037,13903211,14340856,14763727,14572075,14153266
Broadway-Lafayette St/Bleecker St,619,11792114,12560629,12913327,12666868,12405639,11956465
Court St/Borough Hall,620,10988473,11291705,11474717,11360058,11080334,10693598
Broadway Junction,621,2862830,2948156,3018656,3133658,3085401,2911532
Brooklyn Bridge-City Hall/Chambers St,622,10650508,10721984,10938927,10481576,10059080,9360484
Canal St,623,15529659,15227139,15104077,15094135,15274896,16285516
Chambers St/WTC/Park Place,624,15364366,15641210,16088983,16910084,16079624,14825863
Delancey St/Essex St,625,7280936,7759914,7909365,8226975,8458101,8128719
Franklin Av/Botanic Garden,626,4934593,5125782,5377967,5100038,5010984,4762184
Franklin Av,627,1982691,2049246,2125076,2137752,2056281,2058258
Fulton St,628,17868334,18721694,20102397,21671684,25162937,26838473
Lorimer St/Metropolitan Av,629,4643512,5040719,5090344,5238736,5156893,5010601
Myrtle-Wyckoff Avs,630,5662633,5982615,6381800,6464630,6531453,7302376
South Ferry/Whitehall St,635,8123655,6192660,7116897,8750364,9009136,10205836
Jay St-MetroTech,636,11492780,11793956,12197352,12765132,13091255,13007176
